0.0
0.0
0.5807086614173228
0.0
0.6528871391076115
0.0
0.344488188976378
0.0
0.583989501312336
0.0
0.6036745406824148
0.0
0.33136482939632544
0.0
0.26246719160104987
0.0
0.8070866141732284
0.0
0.0
0.0
0.0
0.0
0.1804461942257218
0.0
0.0
0.0
0.37729658792650916
0.0
0.10826771653543309
0.0
0.0
0.0
0.0
0.21981627296587927
0.0
0.4625984251968504
0.0
0.12795275590551183
0.0
0.21325459317585305
0.0
0.1541994750656168
0.0
0.6266404199475066
0.0
0.0
0.0
0.4461942257217848
0.0
0.29855643044619423
0.0
0.3346456692913386
0.0
0.0984251968503937
0.0
1.010498687664042
0.0
0.6299212598425198
0.0
0.05905511811023623
0.0
0.767716535433071
0.0
0.0
0.0
0.7742782152230973
0.0
0.9416010498687665
0.11482939632545931
0.5741469816272966
0.0
0.0
0.0
0.10826771653543309
1.7454068241469818
0.41010498687664043
3.503937007874016
0.9973753280839895
3.162729658792651
2.9691601049868765
5.613517060367454
3.0610236220472444
6.587926509186352
4.087926509186352
10.846456692913387
5.7939632545931765
12.716535433070867
8.6745406824147
6.387795275590552
9.69488188976378
6.1745406824146984
10.055774278215223
6.053149606299212
9.432414698162729
5.89238845144357
6.371391076115486
10.170603674540683
6.030183727034121
10.469160104986878
6.187664041994751
11.509186351706036
6.105643044619423
10.416666666666666
6.391076115485564
10.236220472440946
6.335301837270342
13.254593175853019
6.246719160104988
11.696194225721785
6.1286089238845145
14.104330708661417
6.105643044619423
12.372047244094489
6.410761154855643
9.878608923884515
6.236876640419948
17.647637795275593
6.325459317585302
13.684383202099738
6.223753280839895
8.782808398950133
13.461286089238847
17.401574803149607
5.869422572178478
11.965223097112862
6.345144356955381
9.858923884514436
5.90223097112861
13.92716535433071
13.172572178477692
6.184383202099738
9.780183727034121
10.223097112860893
14.032152230971128
6.35498687664042
10.157480314960631
9.79002624671916
6.4074803149606305
11.010498687664041
9.688320209973755
6.10236220472441
10.69225721784777
6.6272965879265096
13.379265091863518
6.292650918635171
10.295275590551181
6.112204724409449
14.668635170603677
5.915354330708662
10.104986876640421
5.767716535433071
10.741469816272966
10.50196850393701
9.954068241469818
3.792650918635171
6.427165354330708
10.164041994750656
6.371391076115486
11.538713910761155
5.889107611548557
15.154199475065617
6.30249343832021
12.64763779527559
6.1286089238845145
0.0
6.079396325459318
13.021653543307087
6.020341207349081
9.865485564304462
6.535433070866142
10.121391076115486
6.512467191601051
15.662729658792651
0.0
11.394356955380578
8.828740157480317
6.427165354330708
6.689632545931759
6.797900262467192
6.604330708661418
7.614829396325459
5.403543307086615
5.544619422572179
6.377952755905512
9.337270341207349
6.502624671916011
13.110236220472443
10.43963254593176
6.46981627296588
0.0
6.56496062992126
7.916666666666667
0.0
10.331364829396326
5.715223097112862
12.808398950131235
6.167979002624673
12.060367454068242
6.112204724409449
0.0
6.735564304461943
12.398293963254595
0.0
10.94488188976378
6.053149606299212
19.425853018372703
6.230314960629922
6.830708661417323
6.404199475065617
0.0
16.807742782152232
14.340551181102363
6.204068241469816
7.670603674540683
6.341863517060368
9.832677165354331
6.656824146981627
16.12204724409449
6.299212598425197
9.478346456692913
6.223753280839895
11.525590551181104
8.307086614173228
6.167979002624673
10.570866141732283
6.459973753280841
15.259186351706036
6.14501312335958
6.026902887139108
0.0
3.375984251968504
7.076771653543307
6.099081364829396
14.80971128608924
6.272965879265093
7.198162729658793
0.0
17.20472440944882
6.2106299212598435
14.258530183727034
13.188976377952756
6.624015748031496
8.451443569553806
11.28280839895013
6.368110236220473
6.158136482939633
6.633858267716536
8.933727034120736
6.269685039370079
15.846456692913387
5.6889763779527565
14.386482939632545
6.384514435695539
14.619422572178479
6.368110236220473
10.856299212598424
19.10761154855643
6.312335958005249
6.3484251968503935
15.351049868766404
0
15.039370078740157
6.486220472440945
11.673228346456694
9.954068241469818
6.305774278215224
6.56496062992126
6.72244094488189
9.196194225721785
6.538713910761156
12.191601049868767
6.755249343832021
13.92716535433071
6.325459317585302
8.480971128608925
6.414041994750657
9.37992125984252
0.0
9.2749343832021
6.404199475065617
15.885826771653543
0.0
6.387795275590552
14.24212598425197
6.450131233595801
11.558398950131235
12.900262467191602
7.227690288713911
5.935039370078741
5.626640419947507
6.712598425196851
7.906824146981627
6.4993438320209975
15.636482939632545
6.190944881889764
10.675853018372704
6.433727034120736
7.24737532808399
6.725721784776904
13.467847769028872
7.706692913385827
6.624015748031496
6.158136482939633
9.4750656167979
0.0
6.7093175853018385
8.490813648293964
6.377952755905512
13.966535433070867
6.230314960629922
10.039370078740157
6.456692913385827
13.139763779527561
7.040682414698163
12.585301837270341
6.1745406824146984
7.595144356955381
6.066272965879265
10.032808398950133
15.495406824146983
6.24015748031496
5.951443569553806
0.0
6.437007874015748
8.33989501312336
5.652887139107612
11.568241469816273
6.289370078740158
20.51509186351706
5.544619422572179
9.96719160104987
11.043307086614172
10.150918635170603
6.14501312335958
9.96719160104987
0.0
16.29265091863517
17.687007874015748
9.530839895013123
6.443569553805774
11.220472440944881
6.541994750656168
9.435695538057743
6.423884514435696
16.16469816272966
6.24015748031496
11.013779527559057
12.818241469816273
7.057086614173229
11.532152230971128
6.112204724409449
10.685695538057743
6.66994750656168
9.514435695538058
6.482939632545932
0.0
28.438320209973753
0.0
6.35498687664042
15.679133858267718
6.24015748031496
10.931758530183728
6.14501312335958
10.590551181102363
6.67979002624672
15.456036745406825
7.155511811023622
10.06233595800525
6.19750656167979
0.0
6.525590551181103
14.996719160104988
6.364829396325459
6.437007874015748
10.754593175853019
5.800524934383202
0
6.391076115485564
7.24737532808399
5.99737532808399
10.889107611548559
6.345144356955381
16.135170603674542
6.020341207349081
14.028871391076116
9.297900262467193
6.453412073490814
8.044619422572179
6.666666666666667
0.0
11.525590551181104
0.0
6.610892388451444
10.131233595800525
6.1745406824146984
9.691601049868767
6.578083989501312
13.366141732283465
6.220472440944882
14.5997375328084
6.67979002624672
7.335958005249345
14.389763779527561
6.738845144356955
11.09251968503937
6.194225721784778
11.909448818897639
6.358267716535433
11.79461942257218
6.0597112860892395
10.800524934383203
6.25984251968504
5.984251968503937
9.048556430446196
6.5748031496063
7.995406824146982
5.974409448818897
11.489501312335959
12.129265091863518
12.46719160104987
6.325459317585302
11.916010498687664
12.857611548556433
6.223753280839895
6.978346456692914
6.309055118110237
9.393044619422573
11.981627296587929
7.8772965879265096
6.167979002624673
9.471784776902888
6.131889763779529
10.029527559055119
0.0
5.2723097112860895
6.528871391076116
10.275590551181102
6.387795275590552
10.715223097112862
6.414041994750657
9.563648293963256
9.297900262467193
6.072834645669292
6.217191601049869
10.410104986876641
9.750656167979004
7.312992125984252
6.535433070866142
13.835301837270343
6.194225721784778
9.133858267716535
6.371391076115486
10.659448818897639
6.338582677165355
8.218503937007874
6.351706036745408
11.525590551181104
6.4304461942257225
6.971784776902887
11.089238845144358
0
8.100393700787402
6.089238845144357
7.670603674540683
10.35761154855643
4.750656167979003
0.0
6.351706036745408
10.57742782152231
6.282808398950132
8.110236220472443
6.473097112860892
6.729002624671916
6.391076115485564
11.561679790026247
6.187664041994751
8.195538057742782
6.66010498687664
16.41732283464567
6.525590551181103
10.3248031496063
11.003937007874017
6.269685039370079
14.49475065616798
9.796587926509186
6.112204724409449
10.442913385826772
6.463254593175853
16.377952755905515
6.489501312335958
11.023622047244096
6.7650918635170605
7.139107611548557
6.571522309711287
10.026246719160106
16.906167979002625
6.033464566929134
8.159448818897639
6.266404199475065
5.049212598425197
6.292650918635171
14.46194225721785
6.519028871391076
8.49737532808399
6.328740157480315
7.503280839895013
6.561679790026247
7.25721784776903
8.61220472440945
8.973097112860893
6.624015748031496
7.739501312335958
5.872703412073491
10.646325459317586
6.519028871391076
7.703412073490814
6.364829396325459
6.919291338582678
6.325459317585302
10.308398950131235
5.833333333333333
10.793963254593175
11.774934383202101
6.207349081364829
16.896325459317584
6.617454068241471
11.91929133858268
14.86220472440945
6.282808398950132
5.639763779527559
10.82677165354331
6.67979002624672
11.486220472440946
6.243438320209974
11.87992125984252
6.3943569553805775
10.095144356955382
8.458005249343833
7.713254593175853
6.082677165354331
12.818241469816273
6.381233595800524
11.21719160104987
6.309055118110237
13.851706036745407
8.61220472440945
6.236876640419948
0.0
6.1646981627296595
9.317585301837271
0.0
16.000656167979002
12.250656167979002
0.0
8.651574803149607
10.800524934383203
15.495406824146983
6.15485564304462
0.0
6.181102362204725
12.644356955380578
6.404199475065617
10.734908136482941
0.0
13.536745406824148
6.384514435695539
13.40223097112861
6.138451443569554
13.379265091863518
6.555118110236221
9.82283464566929
6.624015748031496
15.708661417322835
11.624015748031496
6.341863517060368
8.369422572178477
8.950131233595801
7.0439632545931765
14.776902887139109
6.453412073490814
14.140419947506564
6.423884514435696
15.879265091863518
0.0
10.705380577427823
5.718503937007874
16.210629921259844
4.32742782152231
17.975721784776905
6.414041994750657
16.61745406824147
11.824146981627296
6.624015748031496
10.488845144356956
7.8772965879265096
6.473097112860892
14.320866141732283
6.00721784776903
15.147637795275593
9.898293963254593
6.7191601049868765
8.244750656167978
6.017060367454069
15.180446194225723
6.066272965879265
0.0
14.025590551181104
5.715223097112862
12.67716535433071
10.403543307086615
6.19750656167979
18.280839895013123
8.884514435695538
6.227034120734909
11.768372703412075
6.066272965879265
8.041338582677165
6.52230971128609
8.366141732283465
6.010498687664042
14.445538057742782
13.366141732283465
8.907480314960631
6.072834645669292
17.683727034120736
6.2106299212598435
14.580052493438322
17.585301837270343
6.505905511811023
16.92257217847769
6.335301837270342
17.198162729658794
6.0597112860892395
10.879265091863518
17.637795275590552
14.954068241469818
6.207349081364829
9.898293963254593
14.829396325459319
6.25984251968504
16.778215223097114
0
15.01968503937008
13.631889763779528
6.315616797900263
6.729002624671916
14.045275590551183
6.099081364829396
11.400918635170605
5.866141732283466
12.936351706036746
6.653543307086615
9.281496062992126
6.187664041994751
9.993438320209973
5.882545931758531
12.844488188976378
6.181102362204725
0.0
0.0
10.137795275590552
6.256561679790027
14.76706036745407
12.460629921259844
6.30249343832021
14.28477690288714
6.433727034120736
0.0
6.364829396325459
13.579396325459319
6.617454068241471
12.034120734908138
6.496062992125985
14.320866141732283
0.0
18.198818897637796
5.9908136482939645
9.288057742782152
6.643700787401575
16.348425196850396
6.3943569553805775
12.280183727034121
6.656824146981627
7.988845144356955
0.0
0.0
6.187664041994751
0.0
16.437007874015748
4.740813648293964
12.53280839895013
6.200787401574804
10.160761154855644
5.9448818897637805
12.201443569553808
5.889107611548557
12.874015748031496
6.345144356955381
17.244094488188978
16.35170603674541
10.790682414698162
6.381233595800524
21.085958005249346
6.266404199475065
15.400262467191602
0.0
6.099081364829396
16.253280839895016
6.033464566929134
12.782152230971128
6.535433070866142
7.286745406824147
13.215223097112862
7.549212598425197
15.275590551181104
4.3930446194225725
13.24475065616798
6.272965879265093
11.610892388451445
6.374671916010499
15.731627296587929
6.948818897637796
13.61220472440945
6.715879265091864
14.402887139107612
6.040026246719161
12.729658792650918
10.288713910761155
5.948162729658793
9.104330708661417
6.437007874015748
6.345144356955381
16.594488188976378
12.32283464566929
6.587926509186352
13.576115485564307
12.539370078740157
6.466535433070867
13.90748031496063
6.6502624671916015
16.663385826771655
6.282808398950132
9.21259842519685
6.187664041994751
14.793307086614176
11.689632545931758
6.082677165354331
10.406824146981629
6.797900262467192
9.517716535433072
6.505905511811023
9.744094488188976
15.515091863517062
6.099081364829396
13.313648293963254
6.135170603674541
6.384514435695539
11.190944881889765
13.077427821522312
6.505905511811023
13.398950131233597
5.9448818897637805
12.211286089238847
6.230314960629922
15.0
6.338582677165355
11.079396325459319
5.784120734908137
13.103674540682414
0
9.045275590551181
6.532152230971128
12.0997375328084
6.400918635170604
11.93241469816273
0.0
6.053149606299212
10.249343832020998
6.033464566929134
13.772965879265094
6.351706036745408
0
6.453412073490814
12.096456692913387
10.246062992125985
15.856299212598428
6.538713910761156
13.661417322834646
6.768372703412074
16.650262467191602
8.779527559055119
6.502624671916011
11.322178477690288
6.184383202099738
11.824146981627296
12.762467191601049
15.541338582677165
11.433727034120736
13.467847769028872
6.6272965879265096
0
6.276246719160105
10.938320209973753
6.4304461942257225
9.898293963254593
6.0498687664042
9.85236220472441
6.581364829396326
8.5498687664042
11.279527559055119
6.085958005249345
10.131233595800525
6.502624671916011
11.774934383202101
9.271653543307087
6.125328083989501
10.108267716535433
6.335301837270342
11.765091863517062
0.0
9.780183727034121
6.512467191601051
11.601049868766404
8.973097112860893
6.532152230971128
6.92257217847769
12.627952755905513
5.751312335958006
13.73031496062992
6.295931758530184
15.108267716535435
6.374671916010499
13.38254593175853
6.479658792650919
5.869422572178478
12.119422572178479
6.532152230971128
12.477034120734908
6.420603674540683
14.983595800524936
14.93766404199475
6.158136482939633
13.799212598425198
0
11.889763779527561
6.223753280839895
10.05249343832021
6.617454068241471
17.211286089238847
5.967847769028872
13.038057742782152
6.246719160104988
13.353018372703412
5.633202099737534
9.504593175853019
12.667322834645669
14.901574803149607
6.597769028871391
9.28477690288714
10.341207349081365
6.010498687664042
15.879265091863518
17.811679790026247
6.374671916010499
10.242782152230971
6.135170603674541
13.133202099737533
5.898950131233597
13.29724409448819
6.4074803149606305
14.507874015748031
6.141732283464568
14.491469816272968
11.305774278215225
6.46981627296588
11.515748031496065
11.469816272965879
12.45734908136483
6.341863517060368
13.015091863517062
16.430446194225723
10.269028871391077
9.698162729658794
7.063648293963255
10.951443569553808
4.662073490813649
6.135170603674541
10.485564304461944
6.6961942257217855
10.958005249343833
6.335301837270342
10.705380577427823
7.4015748031496065
6.069553805774279
13.904199475065617
6.381233595800524
11.338582677165356
6.702755905511811
14.855643044619422
5.8858267716535435
12.77230971128609
6.876640419947507
10.46259842519685
6.729002624671916
14.297900262467193
6.181102362204725
8.940288713910762
11.883202099737533
6.338582677165355
0.0
6.040026246719161
12.988845144356956
12.296587926509188
6.1515748031496065
12.539370078740157
6.591207349081365
10.767716535433072
5.853018372703413
12.303149606299213
6.227034120734909
13.011811023622046
6.486220472440945
13.254593175853019
0.0
15.078740157480317
0.0
16.84711286089239
6.292650918635171
16.38451443569554
11.095800524934383
6.25
16.94225721784777
12.811679790026247
13.041338582677165
6.056430446194226
18.12007874015748
6.295931758530184
12.19488188976378
6.276246719160105
15.593832020997375
14.370078740157481
6.332020997375328
20.65944881889764
0.0
14.130577427821523
6.423884514435696
14.097769028871392
9.806430446194225
11.968503937007874
6.548556430446195
18.920603674540683
6.496062992125985
11.125328083989501
14.074803149606302
0.0
12.844488188976378
6.492782152230972
12.811679790026247
12.814960629921261
8.333333333333334
10.679133858267717
0.0
17.742782152230973
0.0
0.0
0.0
12.10958005249344
11.909448818897639
6.587926509186352
13.228346456692913
5.935039370078741
10.672572178477692
5.659448818897638
19.878608923884517
5.935039370078741
7.670603674540683
13.503937007874017
10.82020997375328
12.860892388451445
6.387795275590552
10.05249343832021
9.812992125984254
10.574146981627297
6.73228346456693
5.843175853018373
6.617454068241471
6.381233595800524
6.46981627296588
6.423884514435696
6.427165354330708
10.118110236220472
10.48228346456693
6.345144356955381
5.239501312335958
5.869422572178478
10.006561679790027
5.2034120734908145
6.066272965879265
6.597769028871391
6.591207349081365
6.30249343832021
6.131889763779529
6.637139107611549
6.459973753280841
6.578083989501312
6.433727034120736
6.486220472440945
9.658792650918636
5.777559055118111
6.256561679790027
5.99737532808399
6.952099737532809
5.321522309711287
7.034120734908137
6.643700787401575
6.108923884514436
6.417322834645669
6.4993438320209975
6.459973753280841
0.0
6.1745406824146984
6.676509186351706
0
6.551837270341207
5.967847769028872
6.8930446194225725
0
6.686351706036746
6.427165354330708
6.729002624671916
6.387795275590552
6.561679790026247
6.666666666666667
5.41010498687664
6.597769028871391
6.131889763779529
6.423884514435696
6.742125984251969
6.784776902887139
6.338582677165355
6.856955380577428
6.377952755905512
6.289370078740158
6.791338582677166
6.135170603674541
6.341863517060368
6.414041994750657
0.0
0.0
6.230314960629922
6.364829396325459
6.364829396325459
6.9291338582677175
6.476377952755906
6.286089238845144
6.466535433070867
6.702755905511811
7.178477690288715
5.8497375328083985
6.6502624671916015
6.473097112860892
6.637139107611549
6.597769028871391
6.437007874015748
6.496062992125985
6.400918635170604
5.935039370078741
6.381233595800524
6.318897637795277
6.351706036745408
6.387795275590552
35.71522309711286
6.519028871391076
6.112204724409449
7.132545931758531
6.325459317585302
6.397637795275592
6.538713910761156
6.528871391076116
6.466535433070867
6.768372703412074
6.906167979002625
6.1646981627296595
6.745406824146982
6.223753280839895
6.450131233595801
7.093175853018373
6.919291338582678
6.492782152230972
6.3943569553805775
6.440288713910761
6.8339895013123355
6.93241469816273
6.899606299212599
6.233595800524935
6.443569553805774
0.0
6.66010498687664
6.66994750656168
6.489501312335958
6.607611548556431
6.1745406824146984
6.620734908136483
6.489501312335958
6.548556430446195
6.25984251968504
6.73228346456693
6.335301837270342
6.945538057742783
6.66010498687664
6.190944881889764
6.315616797900263
6.1515748031496065
6.686351706036746
6.364829396325459
6.58464566929134
6.433727034120736
0.0
6.699475065616799
6.184383202099738
6.345144356955381
6.82742782152231
6.496062992125985
6.417322834645669
6.729002624671916
6.391076115485564
6.489501312335958
6.318897637795277
6.725721784776904
6.502624671916011
6.417322834645669
6.351706036745408
6.6502624671916015
0.0
6.7749343832021
5.718503937007874
6.463254593175853
6.243438320209974
6.377952755905512
6.299212598425197
6.745406824146982
6.0597112860892395
6.952099737532809
6.82742782152231
7.4245406824146984
6.630577427821522
6.282808398950132
6.860236220472441
0
6.227034120734909
6.781496062992126
7.565616797900263
6.423884514435696
6.587926509186352
6.332020997375328
6.7093175853018385
6.666666666666667
6.6141732283464565
6.328740157480315
6.466535433070867
6.610892388451444
6.391076115485564
7.047244094488189
6.158136482939633
6.453412073490814
6.555118110236221
6.381233595800524
6.6961942257217855
7.119422572178478
6.181102362204725
6.443569553805774
0.6397637795275591
6.391076115485564
6.587926509186352
6.6502624671916015
6.1515748031496065
6.443569553805774
6.7093175853018385
6.5748031496063
6.735564304461943
7.053805774278216
5.797244094488189
6.4304461942257225
6.246719160104988
6.437007874015748
6.194225721784778
6.637139107611549
6.351706036745408
6.702755905511811
6.486220472440945
6.581364829396326
6.935695538057743
6.620734908136483
5.99737532808399
6.122047244094489
6.410761154855643
6.387795275590552
6.594488188976378
6.30249343832021
5.311679790026247
6.505905511811023
5.7250656167979
5.479002624671916
5.761154855643045
5.380577427821522
7.1948818897637805
5.98753280839895
5.416666666666667
4.996719160104987
5.751312335958006
5.305118110236221
5.41994750656168
5.728346456692914
6.456692913385827
6.023622047244095
5.6791338582677175
5.738188976377953
6.6502624671916015
5.488845144356955
5.285433070866142
5.564304461942258
5.039370078740158
6.538713910761156
2.355643044619423
0.24278215223097113
6.466535433070867
0.0
0.0
4.757217847769029
0.0
0
5.305118110236221
0.0
5.190288713910761
0.0
4.583333333333333
0.0
5.0065616797900265
0.0
4.593175853018373
0.0
5.905511811023622
0.0
0.7513123359580053
0.7414698162729659
0.41338582677165353
0.0
1.4993438320209975
1.2270341207349083
1.2860892388451444
1.9225721784776904
1.1745406824146982
5.866141732283466
1.0662729658792651
6.400918635170604
1.1351706036745408
7.286745406824147
1.2926509186351707
7.637795275590552
0.8070866141732284
6.883202099737534
1.272965879265092
1.1548556430446195
9.343832020997375
1.1975065616797902
7.2998687664042
1.0072178477690288
8.523622047244094
1.04002624671916
7.0308398950131235
1.223753280839895
1.1482939632545932
0.0
1.4435695538057745
1.0465879265091864
7.936351706036746
1.171259842519685
6.171259842519685
1.4238845144356957
7.303149606299214
1.4337270341207349
6.8339895013123355
1.223753280839895
7.434383202099738
1.2664041994750657
6.988188976377953
1.141732283464567
0.0
1.010498687664042
1.1515748031496063
8.152887139107612
1.0072178477690288
6.276246719160105
0.8792650918635171
0.0
1.036745406824147
1.194225721784777
10.679133858267717
1.0006561679790027
11.30249343832021
1.2926509186351707
7.080052493438321
0.954724409448819
6.181102362204725
1.3877952755905512
8.503937007874017
0.8891076115485564
1.223753280839895
6.902887139107612
1.0170603674540684
7.44750656167979
0.8661417322834647
7.244094488188977
1.3615485564304464
7.083333333333333
1.0793963254593175
7.798556430446195
1.3090551181102363
1.804461942257218
1.377952755905512
0.9251968503937008
8.474409448818898
1.1318897637795275
6.410761154855643
0.0
7.106299212598426
0.0
8.28740157480315
2.066929133858268
0.0
1.276246719160105
1.2959317585301837
8.366141732283465
1.2040682414698163
1.860236220472441
8.274278215223097
1.7683727034120735
8.323490813648295
1.6240157480314963
1.0137795275590553
1.404199475065617
2.0144356955380576
1.3090551181102363
0.0
1.702755905511811
0.07545931758530185
1.1122047244094488
8.631889763779528
0.0
7.503280839895013
0.32480314960629925
1.1614173228346456
1.1220472440944882
1.2893700787401576
6.24015748031496
1.8536745406824149
1.3090551181102363
1.1286089238845145
1.5059055118110238
1.4796587926509188
1.2368766404199476
1.4763779527559056
1.6797900262467191
1.3385826771653544
1.5091863517060367
1.571522309711286
1.5255905511811025
1.115485564304462
1.3845144356955383
1.2335958005249343
1.3418635170603677
1.3090551181102363
1.4501312335958005
0.9383202099737534
1.2795275590551183
1.1909448818897639
1.1122047244094488
1.1778215223097115
1.0498687664041995
1.4796587926509188
1.246719160104987
1.1843832020997376
1.2335958005249343
1.4698162729658792
1.4009186351706038
1.4468503937007873
1.2401574803149606
1.1286089238845145
1.5419947506561682
1.6240157480314963
1.6863517060367454
1.171259842519685
1.5059055118110238
1.5485564304461945
1.115485564304462
0.9678477690288715
1.328740157480315
1.062992125984252
1.4271653543307086
1.3156167979002624
1.4730971128608925
1.3681102362204725
1.1811023622047245
1.1876640419947508
1.246719160104987
1.2664041994750657
1.194225721784777
0.0
1.3943569553805775
1.35498687664042
1.223753280839895
1.269685039370079
1.646981627296588
1.2073490813648295
1.269685039370079
1.2959317585301837
1.3746719160104988
1.2106299212598426
1.2631233595800526
1.1187664041994752
1.2073490813648295
1.7388451443569555
1.1646981627296589
1.3156167979002624
1.2335958005249343
1.6404199475065617
1.30249343832021
1.3681102362204725
1.1384514435695539
1.6633858267716537
1.3746719160104988
1.4009186351706038
1.3845144356955383
1.3156167979002624
1.4173228346456694
1.3517060367454068
1.515748031496063
1.2139107611548556
1.1876640419947508
1.5190288713910762
1.2073490813648295
1.358267716535433
0.954724409448819
1.6371391076115487
1.1548556430446195
1.3090551181102363
1.3156167979002624
1.4862204724409451
1.6929133858267715
1.2860892388451444
1.141732283464567
1.4698162729658792
1.4140419947506562
1.25
1.0925196850393701
1.3877952755905512
1.2270341207349083
1.2860892388451444
1.3517060367454068
1.2335958005249343
1.0498687664041995
1.3615485564304464
1.269685039370079
1.3484251968503937
1.4632545931758532
1.2073490813648295
1.4501312335958005
1.0531496062992127
1.3188976377952757
1.2270341207349083
1.2139107611548556
1.4238845144356957
1.3221784776902887
1.2139107611548556
1.2565616797900263
1.4730971128608925
1.5452755905511812
1.194225721784777
1.1253280839895015
1.4993438320209975
1.5485564304461945
1.1909448818897639
0.9973753280839895
1.6371391076115487
1.2303149606299213
1.51246719160105
1.5748031496062993
1.223753280839895
1.3713910761154855
1.010498687664042
1.3746719160104988
1.5485564304461945
1.7749343832020996
1.0006561679790027
1.5190288713910762
1.3976377952755907
1.4960629921259843
1.2631233595800526
1.1876640419947508
1.35498687664042
1.4304461942257218
2.0078740157480315
1.2007874015748032
1.381233595800525
1.3877952755905512
1.56496062992126
1.033464566929134
1.6633858267716537
1.0203412073490814
1.1614173228346456
1.2335958005249343
1.702755905511811
1.3451443569553805
1.3353018372703414
1.2434383202099737
1.036745406824147
1.3188976377952757
1.223753280839895
1.4665354330708664
1.167979002624672
1.1843832020997376
1.3221784776902887
1.1318897637795275
1.3615485564304464
1.1778215223097115
1.2959317585301837
1.3123359580052494
1.4271653543307086
1.2270341207349083
1.535433070866142
1.5780839895013123
1.3156167979002624
1.4140419947506562
1.5419947506561682
1.6272965879265093
1.2598425196850396
1.4566929133858268
1.4304461942257218
1.3385826771653544
1.276246719160105
1.4238845144356957
1.1056430446194228
1.3877952755905512
0.902230971128609
1.535433070866142
1.381233595800525
0.9809711286089239
1.5321522309711286
1.0990813648293964
1.5059055118110238
1.269685039370079
1.5912073490813647
1.5452755905511812
1.1023622047244095
1.725721784776903
1.4993438320209975
1.141732283464567
1.4763779527559056
1.381233595800525
1.3254593175853018
1.3517060367454068
1.1745406824146982
1.2795275590551183
1.0072178477690288
1.3254593175853018
1.033464566929134
1.3615485564304464
0.9612860892388452
1.1122047244094488
1.404199475065617
1.4566929133858268
