0.22965879265091863
0.0
0.19028871391076116
0.0
0.29527559055118113
0.0
0.20013123359580054
0.0
0.1509186351706037
0.0
0.09186351706036745
0.0
0.35433070866141736
0.2690288713910761
0.0
0.3215223097112861
0.0
0.2099737532808399
0.016404199475065617
0.12795275590551183
0.026246719160104987
0.0
0.0
0.10170603674540683
0.0
0.03937007874015749
0.026246719160104987
0.2821522309711286
0.07217847769028872
0.25918635170603677
0.0
0.26246719160104987
0.0
0.45275590551181105
0.0
0.10170603674540683
0.006561679790026247
0.2690288713910761
0.17716535433070868
0.1935695538057743
0.0
0.18700787401574803
0.0
0.0
0.0
0.03937007874015749
0.0
0.12795275590551183
0.0
0.0
0.0853018372703412
0.062335958005249346
0.16404199475065617
0.265748031496063
0.0
0.062335958005249346
0.23950131233595803
0.09514435695538058
0.0
0.19028871391076116
0.0
0.21653543307086617
0.0
0.03608923884514436
0.0
0.5479002624671917
0.45275590551181105
0.2099737532808399
1.1482939632545932
0.0
0.0
0.0
0.849737532808399
2.08005249343832
2.65748031496063
3.5629921259842523
4.104330708661418
5.531496062992126
4.973753280839895
6.725721784776904
7.621391076115486
7.1358267716535435
6.663385826771655
10.157480314960631
6.706036745406824
9.95734908136483
6.912729658792652
9.734251968503937
7.057086614173229
9.091207349081365
6.624015748031496
9.120734908136484
7.253937007874016
10.4002624671916
10.164041994750656
9.63254593175853
12.208005249343833
8.677821522309712
12.198162729658792
8.871391076115486
10.912073490813649
20.216535433070867
14.53740157480315
8.408792650918636
11.591207349081365
13.923884514435697
8.63517060367454
14.691601049868767
8.789370078740157
13.43503937007874
8.871391076115486
14.43241469816273
8.467847769028872
14.409448818897639
8.467847769028872
14.225721784776903
8.467847769028872
14.550524934383203
8.615485564304462
12.03740157480315
8.615485564304462
13.343175853018373
8.710629921259843
8.5498687664042
10.961286089238847
9.025590551181102
8.877952755905513
14.51443569553806
14.740813648293964
8.503937007874017
14.363517060367455
8.658136482939634
11.118766404199476
8.494094488188976
33.13320209973754
8.772965879265092
11.437007874015748
8.64501312335958
10.889107611548559
8.405511811023622
11.20734908136483
8.458005249343833
10.83989501312336
8.694225721784777
10.652887139107612
10.751312335958005
8.553149606299213
14.744094488188978
8.484251968503937
11.161417322834646
8.641732283464568
11.023622047244096
8.490813648293964
14.350393700787402
8.533464566929135
10.905511811023622
14.49475065616798
12.959317585301838
8.976377952755906
10.748031496062993
8.681102362204724
10.59711286089239
8.704068241469818
11.309055118110237
8.546587926509186
13.953412073490815
9.048556430446196
14.196194225721785
8.33989501312336
13.425196850393702
8.753280839895014
13.582677165354331
8.503937007874017
13.46456692913386
10.685695538057743
14.458661417322835
13.63517060367454
8.891076115485566
12.618110236220474
13.92716535433071
8.641732283464568
11.640419947506564
13.021653543307087
12.188320209973753
8.740157480314961
13.310367454068242
8.44488188976378
13.467847769028872
8.188976377952757
13.471128608923886
8.562992125984252
11.866797900262467
8.65485564304462
11.735564304461944
8.569553805774278
10.554461942257218
11.751968503937007
10.567585301837271
13.73031496062992
10.643044619422573
13.231627296587929
8.392388451443571
8.956692913385828
12.306430446194227
13.5498687664042
11.069553805774278
13.917322834645669
10.623359580052494
11.788057742782152
8.418635170603675
12.066929133858268
10.531496062992128
15.721784776902888
10.836614173228348
12.168635170603674
8.946850393700787
13.323490813648293
8.33989501312336
13.494094488188978
10.74475065616798
11.692913385826772
8.38254593175853
14.484908136482941
8.290682414698162
12.854330708661417
8.641732283464568
13.526902887139109
10.66929133858268
8.743438320209973
13.389107611548559
8.891076115485566
11.617454068241472
8.70734908136483
0
10.541338582677165
13.809055118110237
10.465879265091864
13.956692913385828
8.438320209973755
12.08989501312336
8.625328083989501
13.562992125984252
8.877952755905513
14.881889763779528
10.958005249343833
13.733595800524936
8.172572178477692
13.608923884514438
13.992782152230973
10.777559055118111
14.150262467191602
10.895669291338583
13.68766404199475
8.40223097112861
13.68766404199475
10.288713910761155
11.640419947506564
8.536745406824148
12.0997375328084
8.973097112860893
13.989501312335959
11.627296587926509
10.666010498687664
11.955380577427823
13.546587926509188
10.767716535433072
14.110892388451445
10.531496062992128
8.874671916010499
13.136482939632545
10.721784776902888
13.277559055118111
8.641732283464568
11.601049868766404
8.622047244094489
11.348425196850394
8.238188976377954
13.19225721784777
10.259186351706036
14.009186351706036
8.599081364829397
11.512467191601049
8.566272965879266
13.746719160104988
8.467847769028872
13.126640419947506
10.813648293963254
11.896325459317586
8.5498687664042
14.258530183727034
8.530183727034121
11.74212598425197
8.60236220472441
12.260498687664041
10.239501312335959
14.051837270341208
8.61220472440945
13.661417322834646
8.68766404199475
11.650262467191602
11.21719160104987
8.625328083989501
13.920603674540684
10.17716535433071
13.51706036745407
11.673228346456694
8.32020997375328
11.755249343832022
10.721784776902888
13.24475065616798
10.521653543307087
13.333333333333334
8.526902887139109
11.79461942257218
14.084645669291339
10.853018372703412
12.280183727034121
10.590551181102363
14.028871391076116
8.431758530183727
13.46456692913386
8.795931758530184
12.637795275590554
12.007874015748031
12.368766404199476
13.743438320209975
10.810367454068242
13.54002624671916
10.278871391076116
11.850393700787402
8.868110236220472
13.930446194225723
10.521653543307087
13.526902887139109
8.76968503937008
13.569553805774278
8.608923884514436
14.009186351706036
10.705380577427823
11.532152230971128
10.967847769028872
13.428477690288714
10.85958005249344
12.929790026246721
12.775590551181104
11.643700787401576
10.70209973753281
13.73031496062992
10.479002624671915
13.877952755905513
13.595800524934385
8.68766404199475
12.2998687664042
10.774278215223099
12.119422572178479
11.551837270341208
13.71719160104987
10.774278215223099
14.566929133858268
13.231627296587929
8.605643044619423
13.651574803149607
10.606955380577428
13.861548556430447
10.485564304461944
12.985564304461944
11.79461942257218
10.479002624671915
11.729002624671915
10.790682414698162
13.887795275590554
11.916010498687664
8.143044619422573
13.95997375328084
8.513779527559056
11.765091863517062
8.480971128608925
13.32677165354331
10.761154855643044
11.916010498687664
8.175853018372704
13.69750656167979
8.710629921259843
12.375328083989501
8.431758530183727
13.953412073490815
10.141076115485566
12.565616797900264
8.474409448818898
11.824146981627296
10.69225721784777
13.494094488188978
10.48228346456693
13.300524934383203
13.700787401574805
8.638451443569554
14.146981627296588
11.863517060367455
11.026902887139109
11.984908136482941
13.79265091863517
0
10.662729658792651
11.624015748031496
13.6745406824147
10.748031496062993
13.943569553805775
10.853018372703412
13.897637795275593
10.495406824146983
8.43503937007874
11.94225721784777
10.59711286089239
12.244094488188978
10.767716535433072
11.640419947506564
10.232939632545932
0
10.830052493438322
13.694225721784777
8.484251968503937
13.24475065616798
9.114173228346457
13.562992125984252
10.721784776902888
8.772965879265092
13.822178477690288
13.16929133858268
10.580708661417324
11.791338582677165
8.651574803149607
11.443569553805775
10.603674540682414
12.913385826771654
10.905511811023622
8.389107611548557
13.736876640419949
8.520341207349082
13.467847769028872
8.585958005249344
10.124671916010499
7.9691601049868765
9.416010498687664
10.76443569553806
8.100393700787402
11.791338582677165
9.711286089238845
8.267716535433072
10.751312335958005
9.888451443569554
10.449475065616799
8.011811023622048
13.467847769028872
8.316929133858268
11.902887139107612
8.6745406824147
11.141732283464568
11.108923884514438
8.290682414698162
9.744094488188976
8.566272965879266
12.503280839895014
8.704068241469818
13.300524934383203
10.216535433070867
10.183727034120736
9.973753280839896
11.653543307086615
8.103674540682414
13.412073490813649
13.973097112860893
10.459317585301838
13.412073490813649
11.220472440944881
8.156167979002625
14.215879265091864
9.753937007874017
13.5498687664042
8.0249343832021
13.336614173228348
8.356299212598426
8.484251968503937
10.675853018372704
11.607611548556433
11.909448818897639
8.126640419947508
10.045931758530184
11.433727034120736
10.57742782152231
11.066272965879266
9.908136482939634
10.994094488188978
7.880577427821522
11.601049868766404
7.883858267716536
10.101706036745407
8.43503937007874
11.046587926509188
8.064304461942259
13.156167979002625
8.12992125984252
11.814304461942257
7.755905511811025
15.531496062992126
7.782152230971129
13.589238845144358
7.933070866141733
13.274278215223099
10.643044619422573
9.786745406824148
7.762467191601051
11.820866141732283
8.353018372703412
11.768372703412075
8.172572178477692
13.3497375328084
8.431758530183727
12.450787401574805
8.556430446194225
13.408792650918636
8.01509186351706
11.538713910761155
11.404199475065617
7.736220472440945
14.110892388451445
8.257874015748031
10.816929133858268
9.849081364829397
12.427821522309712
8.054461942257218
16.8996062992126
15.475721784776903
8.871391076115486
14.140419947506564
10.393700787401576
13.589238845144358
8.03477690288714
15.639763779527561
12.621391076115486
8.353018372703412
11.650262467191602
10.301837270341208
12.253937007874017
8.300524934383203
13.838582677165356
15.780839895013123
10.255905511811024
13.467847769028872
10.751312335958005
13.891076115485566
8.694225721784777
10.3248031496063
10.26246719160105
12.326115485564307
7.791994750656168
12.851049868766404
10.154199475065617
12.87729658792651
10.475721784776903
11.853674540682414
10.075459317585302
14.097769028871392
8.628608923884515
15.557742782152232
10.21981627296588
12.463910761154857
10.0
13.471128608923886
10.590551181102363
14.639107611548559
10.196850393700787
15.436351706036746
10.003280839895014
12.125984251968504
11.141732283464568
13.70734908136483
9.71456692913386
15.515091863517062
10.62992125984252
12.56233595800525
17.260498687664043
12.883858267716535
10.141076115485566
13.900918635170605
10.918635170603674
16.118766404199476
10.226377952755906
11.696194225721785
9.9245406824147
13.323490813648293
8.044619422572179
10.961286089238847
10.705380577427823
11.771653543307087
10.334645669291339
16.95209973753281
10.659448818897639
16.00721784776903
9.872047244094489
10.990813648293964
10.124671916010499
10.380577427821523
11.069553805774278
11.551837270341208
7.952755905511811
12.007874015748031
17.421259842519685
13.982939632545934
9.944225721784777
14.553805774278217
8.021653543307087
15.282152230971128
0
0.0
9.94750656167979
13.47769028871391
13.61220472440945
14.212598425196852
10.26246719160105
13.956692913385828
8.143044619422573
11.213910761154857
10.232939632545932
12.77230971128609
10.21981627296588
10.793963254593175
12.791994750656167
10.564304461942259
13.64501312335958
14.484908136482941
12.01443569553806
13.290682414698162
10.570866141732283
12.034120734908138
12.142388451443571
8.307086614173228
13.848425196850394
12.696850393700787
11.676509186351707
10.413385826771654
12.769028871391077
10.780839895013123
14.51443569553806
10.836614173228348
14.45209973753281
13.018372703412075
8.772965879265092
12.250656167979002
10.433070866141733
11.095800524934383
8.044619422572179
11.751968503937007
13.78280839895013
10.101706036745407
12.611548556430447
8.55971128608924
13.018372703412075
14.019028871391077
10.328083989501312
14.71456692913386
10.4002624671916
12.431102362204726
12.22769028871391
10.88254593175853
8.100393700787402
13.03477690288714
10.06233595800525
13.343175853018373
10.01968503937008
12.926509186351707
12.007874015748031
10.17716535433071
14.635826771653543
8.359580052493438
12.483595800524936
8.556430446194225
12.775590551181104
10.46259842519685
13.848425196850394
10.675853018372704
10.078740157480317
12.77230971128609
13.546587926509188
9.954068241469818
10.633202099737533
11.607611548556433
12.339238845144358
10.508530183727034
8.720472440944883
9.839238845144358
13.825459317585304
8.589238845144358
10.961286089238847
10.603674540682414
13.156167979002625
10.26246719160105
13.395669291338583
13.740157480314961
11.909448818897639
12.965879265091864
10.547900262467193
15.10498687664042
10.925196850393702
8.713910761154855
13.595800524934385
13.766404199475067
14.96719160104987
14.009186351706036
10.416666666666666
14.455380577427823
10.518372703412075
12.67716535433071
10.21981627296588
14.311023622047244
9.94750656167979
13.605643044619422
11.916010498687664
10.134514435695538
7.867454068241471
13.28740157480315
10.37729658792651
12.831364829396326
10.606955380577428
10.124671916010499
13.809055118110237
11.87992125984252
10.652887139107612
11.200787401574805
8.451443569553806
10.331364829396326
14.314304461942259
9.881889763779528
13.21194225721785
10.541338582677165
15.43963254593176
10.656167979002625
0.0
10.495406824146983
12.26706036745407
10.442913385826772
11.72244094488189
8.60236220472441
12.565616797900264
10.318241469816273
14.878608923884515
8.054461942257218
10.83989501312336
14.734251968503939
8.070866141732283
13.011811023622046
10.016404199475067
10.570866141732283
13.786089238845145
7.956036745406824
13.743438320209975
10.416666666666666
13.851706036745407
13.625328083989501
10.285433070866143
13.65485564304462
8.661417322834646
12.506561679790027
10.59711286089239
38.320209973753286
10.57742782152231
12.683727034120736
13.198818897637794
14.301181102362206
16.118766404199476
10.291994750656169
12.513123359580055
10.498687664041995
16.414041994750658
7.956036745406824
12.375328083989501
8.07742782152231
14.212598425196852
13.008530183727034
10.413385826771654
11.404199475065617
8.63517060367454
15.734908136482941
10.108267716535433
13.43503937007874
10.442913385826772
13.405511811023622
8.372703412073491
10.511811023622048
13.579396325459319
10.21981627296588
10.925196850393702
11.95209973753281
8.254593175853019
13.579396325459319
10.370734908136484
8.175853018372704
12.654199475065617
10.43963254593176
14.917979002624671
10.488845144356956
13.671259842519687
10.190288713910762
0.0
9.986876640419949
15.013123359580055
10.249343832020998
12.719816272965879
14.88517060367454
10.141076115485566
15.249343832020998
10.685695538057743
15.242782152230973
11.745406824146983
14.055118110236222
10.521653543307087
13.64501312335958
15.971128608923886
14.639107611548559
10.134514435695538
15.223097112860893
9.878608923884515
13.008530183727034
8.353018372703412
13.746719160104988
11.158136482939632
10.66929133858268
15.318241469816273
10.646325459317586
11.902887139107612
12.549212598425198
10.53477690288714
13.664698162729659
8.648293963254593
14.084645669291339
10.652887139107612
13.38254593175853
10.728346456692913
12.5
13.910761154855644
10.708661417322835
13.458005249343833
8.562992125984252
10.255905511811024
13.809055118110237
8.881233595800525
13.746719160104988
13.85498687664042
10.82677165354331
13.841863517060368
15.53477690288714
10.862860892388452
13.969816272965879
14.563648293963254
10.564304461942259
13.523622047244096
10.203412073490815
13.976377952755906
13.917322834645669
13.68766404199475
10.80708661417323
12.191601049868767
12.103018372703412
10.800524934383203
13.881233595800525
13.018372703412075
11.574803149606298
14.301181102362206
13.795931758530186
10.813648293963254
14.015748031496065
9.21259842519685
10.889107611548559
14.219160104986877
13.441601049868767
10.633202099737533
14.055118110236222
10.708661417322835
14.173228346456694
14.045275590551183
10.767716535433072
14.65223097112861
8.6745406824147
13.68766404199475
10.80708661417323
13.943569553805775
8.786089238845145
15.71194225721785
9.311023622047244
13.487532808398951
9.465223097112862
14.153543307086615
10.495406824146983
13.179133858267718
10.583989501312336
12.798556430446196
10.308398950131235
13.710629921259844
10.754593175853019
14.340551181102363
10.47244094488189
13.3497375328084
13.536745406824148
10.538057742782152
15.8497375328084
8.746719160104988
13.727034120734908
10.698818897637794
0
11.289370078740157
12.198162729658792
8.996062992125985
12.959317585301838
13.871391076115486
10.95472440944882
14.445538057742782
10.99737532808399
14.255249343832022
8.585958005249344
10.708661417322835
12.253937007874017
10.82677165354331
13.809055118110237
11.013779527559057
12.46719160104987
11.843832020997375
11.893044619422573
13.746719160104988
8.854986876640421
14.573490813648293
8.405511811023622
14.005905511811024
8.28740157480315
14.625984251968504
8.89763779527559
10.95472440944882
8.113517060367455
14.57677165354331
8.431758530183727
11.26968503937008
8.421916010498688
14.90485564304462
8.658136482939634
13.458005249343833
8.799212598425198
14.511154855643044
8.822178477690288
14.80971128608924
8.914041994750656
11.42716535433071
8.546587926509186
16.564960629921263
14.730971128608926
8.832020997375329
13.32020997375328
8.900918635170603
15.603674540682414
8.474409448818898
8.845144356955382
11.624015748031496
8.690944881889765
11.341863517060368
8.149606299212598
8.277559055118111
12.696850393700787
0
10.99737532808399
8.579396325459319
8.681102362204724
7.562335958005249
7.762467191601051
7.608267716535433
7.91994750656168
7.785433070866142
7.5984251968503935
7.5984251968503935
4.730971128608924
10.095144356955382
4.921259842519685
5.4691601049868765
4.750656167979003
11.709317585301838
3.5137795275590555
4.3569553805774275
6.735564304461943
6.735564304461943
10.026246719160106
8.746719160104988
4.422572178477691
11.906167979002625
6.502624671916011
4.9245406824146984
6.814304461942258
3.6778215223097117
7.660761154855643
2.0866141732283467
5.935039370078741
1.2926509186351707
6.706036745406824
0.0
6.6272965879265096
0.0
6.847112860892389
0.0
7.040682414698163
7.870734908136484
0.0
6.4074803149606305
0.0
6.423884514435696
0.0
6.814304461942258
0.0
6.4304461942257225
0.0
6.315616797900263
0.0
0.0
5.636482939632546
1.7322834645669294
3.385826771653543
3.815616797900263
0.12467191601049869
5.675853018372703
0.0
5.305118110236221
0.0
5.278871391076116
0.0
5.183727034120735
0.0
5.078740157480316
0.0
4.970472440944882
0.0
5.068897637795276
0.0032808398950131233
5.33464566929134
0.0
5.285433070866142
0.5118110236220473
4.383202099737534
1.3877952755905512
5.311679790026247
1.4927821522309712
2.398293963254593
2.529527559055118
2.5557742782152233
7.185039370078741
6.345144356955381
5.711942257217848
8.566272965879266
7.027559055118111
8.149606299212598
6.93241469816273
7.611548556430447
7.8641732283464565
8.418635170603675
9.520997375328085
7.841207349081365
8.730314960629922
7.775590551181103
7.700131233595801
8.375984251968505
7.713254593175853
9.153543307086615
9.294619422572179
7.709973753280841
9.048556430446196
9.524278215223097
9.028871391076116
0.0
8.215223097112862
8.238188976377954
9.675196850393702
0.0
7.942913385826771
8.40223097112861
8.116797900262467
9.035433070866143
7.8182414698162725
8.070866141732283
7.634514435695539
