0.0
1.1286089238845145
0.0
0.8989501312335958
0.0
1.0925196850393701
0.0
1.2434383202099737
0.0
0.0
0.0
0.9055118110236221
0.0
0.8530183727034122
0.0
0.7020997375328085
0.0
0.5019685039370079
0.0
0.7316272965879266
0.0
1.1811023622047245
0.0
0.9809711286089239
0.0
0.006561679790026247
0.0
1.0990813648293964
0.0
1.30249343832021
0.0
0.8923884514435696
0.0
0.9940944881889764
0.0
1.381233595800525
0.0
1.0990813648293964
0.0
0.7578740157480315
0.0
1.3385826771653544
0.0
0.8070866141732284
0.0
1.141732283464567
0.0
0.9514435695538058
0.0
0.7513123359580053
0.0
1.2532808398950133
0.0
0.5479002624671917
0.0
1.1778215223097115
0.0
0.636482939632546
0.0
1.0892388451443569
0.0
0.793963254593176
0.0
1.6404199475065617
0.0
1.0301837270341208
0.0
1.1646981627296589
0.0
0.6496062992125985
0.0
1.033464566929134
1.1384514435695539
0.7578740157480315
3.2545931758530187
5.232939632545932
2.5426509186351707
6.095800524934384
3.4645669291338588
5.980971128608925
4.8556430446194225
6.377952755905512
6.227034120734909
7.2998687664042
6.187664041994751
7.122703412073491
6.381233595800524
6.965223097112862
6.502624671916011
6.341863517060368
6.797900262467192
5.741469816272967
6.496062992125985
9.307742782152232
7.283464566929134
7.775590551181103
6.72244094488189
6.794619422572179
6.912729658792652
8.008530183727034
8.011811023622048
8.008530183727034
6.93241469816273
7.906824146981627
8.116797900262467
8.241469816272966
6.692913385826771
7.998687664041995
6.66994750656168
7.854330708661418
6.883202099737534
7.690288713910761
8.254593175853019
8.166010498687664
8.228346456692913
8.110236220472443
5.879265091863517
8.333333333333334
7.6574803149606305
7.55249343832021
8.09711286089239
8.011811023622048
7.8182414698162725
7.634514435695539
7.880577427821522
7.503280839895013
7.693569553805776
7.559055118110237
8.01509186351706
8.041338582677165
7.71981627296588
8.106955380577428
7.519685039370079
6.968503937007874
7.503280839895013
7.503280839895013
7.506561679790027
6.525590551181103
8.284120734908138
6.801181102362205
7.936351706036746
8.398950131233596
6.909448818897638
8.008530183727034
7.230971128608925
7.857611548556431
7.91994750656168
9.868766404199475
8.126640419947508
6.7093175853018385
7.933070866141733
6.830708661417323
8.484251968503937
6.945538057742783
8.074146981627297
7.562335958005249
6.863517060367454
8.03477690288714
6.791338582677166
7.601706036745408
8.008530183727034
8.03477690288714
8.231627296587927
7.0997375328083985
7.739501312335958
8.231627296587927
8.0249343832021
8.182414698162729
7.634514435695539
6.663385826771655
10.311679790026247
6.692913385826771
10.203412073490815
6.738845144356955
7.723097112860892
6.6732283464566935
7.726377952755906
6.630577427821522
8.277559055118111
7.831364829396326
7.962598425196851
6.604330708661418
8.172572178477692
5.544619422572179
7.988845144356955
6.538713910761156
8.126640419947508
7.851049868766405
8.018372703412075
6.771653543307086
7.398293963254594
9.041994750656167
7.44750656167979
8.00196850393701
8.215223097112862
6.676509186351706
8.622047244094489
6.781496062992126
7.769028871391076
8.103674540682414
8.106955380577428
6.630577427821522
7.178477690288715
7.988845144356955
8.359580052493438
7.716535433070867
7.92979002624672
6.830708661417323
8.474409448818898
6.840551181102363
10.528215223097114
6.745406824146982
8.359580052493438
6.653543307086615
7.887139107611549
8.179133858267717
6.578083989501312
7.92979002624672
10.213254593175852
6.804461942257219
7.962598425196851
6.729002624671916
8.218503937007874
7.729658792650919
6.6961942257217855
7.667322834645669
7.513123359580053
0.0
7.024278215223098
7.775590551181103
6.597769028871391
7.92979002624672
10.452755905511811
6.968503937007874
8.126640419947508
7.765748031496063
6.453412073490814
7.83464566929134
7.555774278215224
8.280839895013123
6.6961942257217855
7.788713910761156
7.611548556430447
7.91994750656168
8.418635170603675
7.096456692913386
7.821522309711287
8.041338582677165
7.221128608923885
8.23490813648294
7.893700787401575
6.663385826771655
9.983595800524935
9.986876640419949
7.040682414698163
7.683727034120736
6.7650918635170605
10.252624671916012
6.73228346456693
7.253937007874016
6.538713910761156
7.926509186351706
6.998031496062993
8.087270341207349
6.617454068241471
6.742125984251969
7.995406824146982
6.25984251968504
7.765748031496063
6.66994750656168
8.582677165354331
7.627952755905512
10.124671916010499
6.4304461942257225
6.692913385826771
10.46259842519685
6.604330708661418
9.983595800524935
6.6732283464566935
7.890419947506562
6.7782152230971136
6.820866141732284
8.415354330708661
10.403543307086615
0
7.739501312335958
8.46456692913386
6.541994750656168
8.061023622047244
6.866797900262468
10.216535433070867
10.055774278215223
10.223097112860893
6.83727034120735
10.0
7.116141732283466
8.280839895013123
6.886482939632547
8.0249343832021
6.643700787401575
9.757217847769029
6.899606299212599
8.152887139107612
7.995406824146982
6.656824146981627
10.16732283464567
10.291994750656169
6.8930446194225725
9.875328083989503
6.804461942257219
7.916666666666667
6.73228346456693
10.16732283464567
9.412729658792651
10.541338582677165
6.532152230971128
9.927821522309712
6.781496062992126
10.118110236220472
7.726377952755906
7.116141732283466
7.9232283464566935
8.307086614173228
7.952755905511811
6.656824146981627
7.9002624671916015
10.216535433070867
7.2506561679790025
7.411417322834645
7.762467191601051
8.143044619422573
8.021653543307087
7.998687664041995
6.67979002624672
7.854330708661418
7.165354330708662
8.093832020997375
8.126640419947508
8.46456692913386
7.726377952755906
7.92979002624672
8.090551181102363
7.004593175853018
6.81758530183727
8.116797900262467
8.267716535433072
8.202099737532809
8.182414698162729
6.889763779527559
8.103674540682414
6.958661417322834
8.40223097112861
6.791338582677166
8.166010498687664
8.061023622047244
8.3497375328084
10.488845144356956
8.3497375328084
7.125984251968505
10.748031496062993
7.276902887139109
8.09711286089239
7.204724409448819
8.428477690288714
5.659448818897638
8.51706036745407
6.906167979002625
8.372703412073491
6.9160104986876645
8.267716535433072
8.336614173228346
6.725721784776904
8.68766404199475
8.484251968503937
6.948818897637796
8.074146981627297
6.738845144356955
10.485564304461944
8.631889763779528
8.421916010498688
7.388451443569554
8.375984251968505
8.346456692913387
8.480971128608925
6.968503937007874
8.369422572178477
8.500656167979004
8.480971128608925
8.543307086614174
6.955380577427822
8.605643044619423
8.44488188976378
8.59251968503937
8.05774278215223
6.856955380577428
8.861548556430447
7.14238845144357
8.628608923884515
6.8930446194225725
8.553149606299213
8.051181102362206
8.599081364829397
8.740157480314961
8.143044619422573
6.866797900262468
8.877952755905513
8.585958005249344
8.313648293963256
7.096456692913386
10.492125984251969
8.461286089238845
8.415354330708661
8.254593175853019
6.8339895013123355
10.41994750656168
8.622047244094489
10.757874015748031
8.68766404199475
8.336614173228346
10.423228346456694
7.25721784776903
10.232939632545932
9.868766404199475
6.9291338582677175
8.763123359580053
8.684383202099738
8.083989501312336
10.71194225721785
10.30511811023622
5.816929133858268
10.603674540682414
6.676509186351706
6.843832020997375
8.43503937007874
6.840551181102363
6.991469816272967
10.728346456692913
10.793963254593175
10.160761154855644
7.896981627296589
6.850393700787403
8.733595800524935
10.531496062992128
6.945538057742783
10.590551181102363
8.428477690288714
7.155511811023622
10.748031496062993
0.0
0
9.911417322834646
7.155511811023622
8.851706036745407
8.622047244094489
10.164041994750656
6.9849081364829395
10.679133858267717
8.346456692913387
6.902887139107612
8.415354330708661
6.7782152230971136
10.111548556430447
6.811023622047244
8.68766404199475
6.738845144356955
8.159448818897639
6.030183727034121
10.751312335958005
7.050524934383202
10.314960629921261
7.303149606299214
8.55971128608924
6.9291338582677175
10.446194225721785
7.0439632545931765
10.587270341207349
10.403543307086615
10.734908136482941
8.149606299212598
6.8930446194225725
10.351049868766404
7.122703412073491
8.103674540682414
12.831364829396326
10.449475065616799
8.795931758530184
8.595800524934385
10.734908136482941
6.699475065616799
8.756561679790027
10.83989501312336
6.902887139107612
10.656167979002625
8.766404199475067
8.664698162729659
7.027559055118111
10.580708661417324
7.1587926509186355
10.521653543307087
8.845144356955382
10.580708661417324
7.178477690288715
10.879265091863518
10.495406824146983
10.288713910761155
6.187664041994751
8.162729658792651
6.794619422572179
9.507874015748031
6.712598425196851
10.37729658792651
7.073490813648294
8.43503937007874
7.129265091863517
10.606955380577428
6.748687664041995
8.759842519685039
8.303805774278215
6.610892388451444
10.318241469816273
8.690944881889765
8.832020997375329
7.125984251968505
10.42979002624672
10.984251968503939
6.528871391076116
10.426509186351707
6.906167979002625
10.620078740157481
6.8930446194225725
8.766404199475067
8.733595800524935
6.791338582677166
10.623359580052494
6.72244094488189
6.751968503937008
6.948818897637796
8.671259842519685
8.89763779527559
8.510498687664041
10.734908136482941
6.761811023622048
8.359580052493438
8.727034120734908
6.8930446194225725
8.45472440944882
8.667979002624673
10.564304461942259
7.2637795275590555
10.291994750656169
6.8339895013123355
8.736876640419949
10.308398950131235
10.616797900262467
7.076771653543307
8.333333333333334
7.198162729658793
10.370734908136484
10.390419947506562
6.886482939632547
8.310367454068242
7.355643044619423
10.705380577427823
8.700787401574804
6.948818897637796
8.458005249343833
6.811023622047244
0.0
10.380577427821523
8.681102362204724
8.950131233595801
6.8339895013123355
8.005249343832022
7.0308398950131235
10.685695538057743
6.945538057742783
10.97769028871391
10.734908136482941
7.060367454068242
10.62992125984252
10.531496062992128
7.171916010498688
8.832020997375329
6.847112860892389
8.44488188976378
10.718503937007874
8.599081364829397
8.45472440944882
6.630577427821522
8.677821522309712
6.9849081364829395
8.310367454068242
10.813648293963254
10.912073490813649
7.096456692913386
10.7250656167979
6.945538057742783
10.561023622047244
10.383858267716535
8.569553805774278
8.625328083989501
7.047244094488189
10.564304461942259
10.456036745406825
10.288713910761155
6.7749343832021
10.754593175853019
8.412073490813649
8.261154855643046
6.82742782152231
8.5498687664042
8.667979002624673
10.980971128608923
8.832020997375329
10.948162729658792
6.896325459317585
10.82020997375328
6.801181102362205
10.813648293963254
8.57283464566929
10.137795275590552
6.601049868766405
8.421916010498688
6.7749343832021
10.666010498687664
8.753280839895014
8.625328083989501
7.040682414698163
10.836614173228348
6.8799212598425195
10.869422572178479
8.756561679790027
6.820866141732284
6.791338582677166
8.011811023622048
10.308398950131235
6.640419947506562
10.213254593175852
8.487532808398951
10.088582677165354
6.850393700787403
9.908136482939634
6.67979002624672
6.663385826771655
8.323490813648295
8.011811023622048
7.962598425196851
9.76706036745407
10.426509186351707
7.870734908136484
7.562335958005249
9.783464566929135
10.416666666666666
8.421916010498688
7.98228346456693
9.996719160104988
7.1358267716535435
8.720472440944883
10.206692913385828
6.804461942257219
8.33989501312336
8.274278215223097
6.571522309711287
10.314960629921261
10.46259842519685
7.339238845144357
6.81758530183727
8.208661417322835
6.942257217847769
6.830708661417323
8.244750656167978
8.622047244094489
6.581364829396326
8.087270341207349
9.977034120734908
10.328083989501312
6.781496062992126
10.249343832020998
10.442913385826772
6.801181102362205
8.458005249343833
8.513779527559056
8.00196850393701
6.463254593175853
8.366141732283465
6.889763779527559
10.20997375328084
7.8182414698162725
6.571522309711287
10.131233595800525
6.896325459317585
7.687007874015748
6.417322834645669
10.393700787401576
10.173884514435697
10.190288713910762
9.724409448818898
6.555118110236221
8.113517060367455
10.28215223097113
8.244750656167978
6.551837270341207
8.408792650918636
6.82742782152231
10.547900262467193
6.463254593175853
8.264435695538058
8.46456692913386
6.315616797900263
8.523622047244094
6.417322834645669
9.780183727034121
9.783464566929135
6.555118110236221
8.005249343832022
6.587926509186352
7.8248031496063
6.909448818897638
8.274278215223097
6.587926509186352
7.063648293963255
8.379265091863518
7.936351706036746
7.847769028871391
8.156167979002625
8.021653543307087
7.965879265091864
7.365485564304463
8.28740157480315
6.486220472440945
8.441601049868767
8.143044619422573
7.411417322834645
7.8248031496063
5.659448818897638
7.693569553805776
8.261154855643046
7.97244094488189
7.690288713910761
7.867454068241471
6.5682414698162725
6.948818897637796
7.168635170603675
6.653543307086615
6.866797900262468
7.230971128608925
6.7191601049868765
6.450131233595801
6.8799212598425195
6.532152230971128
0
6.7782152230971136
6.8799212598425195
4.330708661417323
4.363517060367454
6.683070866141732
5.019685039370079
3.8123359580052494
6.807742782152231
1.886482939632546
3.533464566929134
6.8241469816272975
6.062992125984252
6.282808398950132
6.804461942257219
6.384514435695539
6.666666666666667
6.620734908136483
6.601049868766405
6.5682414698162725
6.4074803149606305
2.8510498687664043
6.8700787401574805
6.784776902887139
6.502624671916011
6.607611548556431
6.541994750656168
6.896325459317585
6.9849081364829395
6.404199475065617
6.73228346456693
6.551837270341207
6.637139107611549
6.358267716535433
6.404199475065617
6.594488188976378
6.67979002624672
6.8241469816272975
6.535433070866142
6.840551181102363
6.876640419947507
6.35498687664042
6.56496062992126
6.5682414698162725
6.7191601049868765
7.017716535433071
6.253280839895013
6.67979002624672
6.666666666666667
6.656824146981627
6.56496062992126
6.7749343832021
6.909448818897638
6.295931758530184
6.706036745406824
6.9389763779527565
7.011154855643045
7.093175853018373
6.322178477690289
6.742125984251969
7.040682414698163
6.502624671916011
6.6502624671916015
6.958661417322834
6.751968503937008
6.811023622047244
6.463254593175853
6.528871391076116
6.751968503937008
6.4304461942257225
6.591207349081365
6.551837270341207
6.617454068241471
6.610892388451444
6.637139107611549
6.594488188976378
6.456692913385827
6.663385826771655
6.551837270341207
6.748687664041995
6.512467191601051
6.043307086614174
7.034120734908137
7.286745406824147
6.8799212598425195
6.93241469816273
6.988188976377953
6.676509186351706
6.886482939632547
6.8930446194225725
7.076771653543307
6.899606299212599
7.15223097112861
7.024278215223098
6.889763779527559
6.988188976377953
7.060367454068242
31.35170603674541
6.876640419947507
6.758530183727035
6.958661417322834
7.201443569553806
6.791338582677166
6.856955380577428
7.093175853018373
6.72244094488189
6.768372703412074
7.280183727034121
7.083333333333333
6.794619422572179
7.1948818897637805
6.67979002624672
6.866797900262468
7.171916010498688
6.9750656167979015
7.162073490813648
6.994750656167979
6.758530183727035
6.998031496062993
7.103018372703413
7.040682414698163
7.004593175853018
7.2408136482939645
6.761811023622048
6.912729658792652
6.902887139107612
6.9291338582677175
7.188320209973753
7.0308398950131235
6.830708661417323
6.820866141732284
7.004593175853018
7.329396325459318
7.0439632545931765
6.8241469816272975
7.1128608923884515
6.804461942257219
6.896325459317585
6.745406824146982
6.840551181102363
6.889763779527559
6.794619422572179
7.063648293963255
6.906167979002625
6.902887139107612
6.758530183727035
6.8339895013123355
7.076771653543307
6.820866141732284
15.383858267716535
6.830708661417323
6.945538057742783
6.7650918635170605
6.9750656167979015
6.860236220472441
7.086614173228347
6.952099737532809
6.92257217847769
6.965223097112862
6.942257217847769
7.2637795275590555
7.188320209973753
6.729002624671916
7.024278215223098
6.889763779527559
6.466535433070867
5.616797900262468
6.83727034120735
5.154199475065617
6.771653543307086
3.198818897637796
1.6633858267716537
0.5675853018372704
6.318897637795277
0.0
6.200787401574804
0.0
0.0
6.118766404199476
0.0
6.131889763779529
0.0
0.0
6.820866141732284
0.0
6.509186351706037
0.0
0.0
0.0
0.0
6.505905511811023
0.5479002624671917
6.873359580052494
2.857611548556431
7.007874015748032
5.170603674540683
8.146325459317586
4.504593175853018
4.471784776902887
5.360892388451444
4.297900262467192
4.465223097112861
5.561023622047244
4.376640419947507
5.311679790026247
4.314304461942258
5.318241469816273
4.665354330708662
4.389763779527559
3.894356955380578
3.4940944881889764
1.1975065616797902
2.634514435695538
0.9448818897637796
1.217191601049869
1.7158792650918635
1.6108923884514434
1.7290026246719161
1.4927821522309712
1.5551181102362206
5.33464566929134
1.4632545931758532
5.636482939632546
1.5912073490813647
6.256561679790027
1.6961942257217848
1.5780839895013123
1.4993438320209975
1.3615485564304464
1.6797900262467191
1.6535433070866141
1.7060367454068244
8.008530183727034
1.4501312335958005
1.217191601049869
1.7322834645669294
1.358267716535433
1.5583989501312336
1.6797900262467191
7.431102362204725
1.66994750656168
6.220472440944882
1.56496062992126
9.23228346456693
1.6371391076115487
1.4763779527559056
7.191601049868766
1.7618110236220472
0.0
1.305774278215223
1.5223097112860893
7.693569553805776
1.4107611548556431
7.549212598425197
1.8110236220472442
0.0
1.5518372703412073
1.3221784776902887
7.096456692913386
1.8897637795275593
1.4829396325459319
6.6272965879265096
1.6338582677165354
6.906167979002625
1.6305774278215226
1.6108923884514434
1.7749343832020996
1.7716535433070868
1.7093175853018374
1.7191601049868768
1.1023622047244095
1.1811023622047245
1.2795275590551183
1.6076115485564306
1.561679790026247
1.6797900262467191
0.0
1.8438320209973753
1.909448818897638
1.4862204724409451
1.676509186351706
1.5912073490813647
1.2368766404199476
1.0728346456692914
1.2073490813648295
1.56496062992126
1.2270341207349083
0.7709973753280841
1.358267716535433
0.0
1.5026246719160106
1.587926509186352
1.5813648293963256
0.0
1.7585301837270342
1.8339895013123362
1.7158792650918635
1.751968503937008
1.66994750656168
1.699475065616798
1.8208661417322836
1.883202099737533
1.9553805774278217
1.7421259842519685
1.751968503937008
1.8175853018372703
1.9553805774278217
1.7716535433070868
1.8110236220472442
1.725721784776903
1.8733595800524936
1.6666666666666667
1.8077427821522312
1.7486876640419948
1.9061679790026247
1.7979002624671916
1.6863517060367454
1.8569553805774277
1.8930446194225723
1.6961942257217848
1.830708661417323
1.6896325459317587
1.755249343832021
1.8143044619422575
1.8471128608923886
1.5583989501312336
1.7486876640419948
1.7618110236220472
1.6568241469816274
1.725721784776903
1.594488188976378
1.8471128608923886
1.886482939632546
1.919291338582677
1.8569553805774277
1.8897637795275593
0
1.912729658792651
1.7224409448818898
1.6535433070866141
1.8339895013123362
1.8274278215223099
1.8241469816272966
1.7585301837270342
1.8930446194225723
1.9160104986876643
1.7618110236220472
2.0045931758530187
1.7125984251968507
1.9028871391076116
1.8799212598425197
1.8897637795275593
1.9816272965879265
1.8799212598425197
1.7880577427821525
1.965223097112861
1.7388451443569555
1.7355643044619422
1.8405511811023623
1.6601049868766404
1.7847769028871392
1.702755905511811
1.7716535433070868
1.5551181102362206
1.9849081364829397
1.8143044619422575
1.676509186351706
1.7585301837270342
1.883202099737533
1.8667979002624673
1.883202099737533
2.0013123359580054
1.830708661417323
1.8503937007874016
1.7847769028871392
1.702755905511811
1.830708661417323
2.0111548556430447
1.9816272965879265
1.8471128608923886
1.9849081364829397
1.9750656167979004
1.8208661417322836
1.7388451443569555
1.6666666666666667
1.912729658792651
1.883202099737533
1.8996062992125984
1.7880577427821525
1.968503937007874
1.9225721784776904
1.7946194225721788
1.919291338582677
1.7158792650918635
1.7618110236220472
1.7650918635170605
1.7093175853018374
1.8143044619422575
1.8011811023622049
1.9258530183727034
1.9750656167979004
1.7158792650918635
1.751968503937008
1.9455380577427823
1.883202099737533
1.9225721784776904
1.8110236220472442
1.8241469816272966
1.9455380577427823
1.8799212598425197
1.643700787401575
1.8471128608923886
1.7322834645669294
2.0242782152230974
1.9717847769028873
1.8930446194225723
1.7191601049868768
1.8766404199475069
1.8930446194225723
1.7158792650918635
1.5682414698162732
1.7716535433070868
1.9488188976377954
1.7683727034120735
1.8503937007874016
1.702755905511811
2.0013123359580054
1.8011811023622049
1.9061679790026247
1.6666666666666667
1.6568241469816274
1.8175853018372703
2.0144356955380576
1.6305774278215226
1.8635170603674542
1.7618110236220472
1.594488188976378
1.8011811023622049
1.9258530183727034
1.646981627296588
1.7782152230971129
1.6929133858267715
1.804461942257218
1.6502624671916013
1.6076115485564306
1.646981627296588
1.8143044619422575
1.7782152230971129
1.6568241469816274
1.6732283464566928
1.837270341207349
1.7355643044619422
1.8110236220472442
1.6797900262467191
1.9783464566929136
1.8897637795275593
1.7979002624671916
1.7388451443569555
1.7814960629921262
1.6732283464566928
1.7125984251968507
1.7454068241469818
1.6305774278215226
1.830708661417323
1.6929133858267715
1.7585301837270342
1.6732283464566928
1.860236220472441
1.8175853018372703
1.7125984251968507
1.9455380577427823
1.965223097112861
1.6633858267716537
1.699475065616798
1.8503937007874016
1.699475065616798
1.6338582677165354
1.6929133858267715
1.7683727034120735
1.8175853018372703
1.6535433070866141
1.8143044619422575
1.9783464566929136
1.837270341207349
1.6797900262467191
1.7650918635170605
1.8733595800524936
1.6338582677165354
1.6929133858267715
1.7388451443569555
1.620734908136483
1.702755905511811
1.7979002624671916
1.9324146981627297
1.8175853018372703
1.6863517060367454
1.9160104986876643
1.6601049868766404
1.8766404199475069
1.6371391076115487
1.830708661417323
1.7060367454068244
1.7946194225721788
1.8241469816272966
1.7486876640419948
1.7454068241469818
1.8241469816272966
1.9160104986876643
1.8536745406824149
1.7683727034120735
1.9717847769028873
1.886482939632546
1.6502624671916013
1.61745406824147
1.7388451443569555
1.6568241469816274
1.7880577427821525
1.7716535433070868
1.7847769028871392
1.561679790026247
1.7716535433070868
1.751968503937008
1.725721784776903
1.7191601049868768
1.676509186351706
